483 483 0.7431321
484 483 0.73809785
485 483 0.7421241
486 483 0.7402855
487 483 0.74632704
488 483 0.7459967
489 483 0.7270892
490 483 0.73579425
491 483 0.732959
492 483 0.7314552
493 483 0.7501312
494 483 0.751267
495 483 0.7299051
496 483 0.7350898
497 483 0.71309763
498 483 0.74532336
499 483 0.75599843
500 483 0.809263
501 483 0.8308338
502 483 0.8453849
503 483 0.85218704
504 483 0.83369994
505 483 0.78418744
506 483 0.7490713
507 483 0.7366085
508 483 0.694094
509 483 0.68971163
510 483 0.6705662
511 483 0.700367
512 483 0.68831295
513 483 0.7055348
514 483 0.6721625
515 483 0.6926894
516 483 0.6946252
517 483 0.7244912
518 483 0.7446749
519 483 0.79225093
520 483 0.81936383
521 483 0.8559222
522 483 0.851694
523 483 0.8212414
524 483 0.8032612
525 483 0.7744888
526 483 0.75205904
527 483 0.7134048
528 483 0.73553
529 483 0.7336758
530 483 0.74779177
531 483 0.7516537
532 483 0.7283085
533 483 0.7353803
534 483 0.7338794
535 483 0.73538774
536 483 0.7453865
537 483 0.7437313
538 483 0.7363717
539 483 0.73863465
540 483 0.7330506
541 483 0.73787
542 483 0.73788327

483 484 0.72615534
484 484 0.7246994
485 484 0.72111726
486 484 0.7189353
487 484 0.7239732
488 484 0.73010135
489 484 0.7256321
490 484 0.7221669
491 484 0.72809494
492 484 0.7188166
493 484 0.7297593
494 484 0.73765963
495 484 0.7379627
496 484 0.74190944
497 484 0.70264095
498 484 0.7434978
499 484 0.7530045
500 484 0.7771551
501 484 0.787922
502 484 0.7930098
503 484 0.7719022
504 484 0.73562086
505 484 0.7226602
506 484 0.70936394
507 484 0.7140436
508 484 0.7152989
509 484 0.7263407
510 484 0.69834757
511 484 0.73567647
512 484 0.7299632
513 484 0.7354523
514 484 0.7033709
515 484 0.726078
516 484 0.7175589
517 484 0.70662796
518 484 0.69421977
519 484 0.7114012
520 484 0.72723734
521 484 0.7686938
522 484 0.7936226
523 484 0.77952904
524 484 0.7629645
525 484 0.7633153
526 484 0.7466883
527 484 0.69797367
528 484 0.74577343
529 484 0.7424861
530 484 0.7363137
531 484 0.73496413
532 484 0.72160363
533 484 0.73394
534 484 0.7245686
535 484 0.7323487
536 484 0.72591424
537 484 0.72562283
538 484 0.71607167
539 484 0.72686327
540 484 0.71885407
541 484 0.7198562
542 484 0.73186296

483 485 0.66712046
484 485 0.67968404
485 485 0.66774255
486 485 0.67252123
487 485 0.65854967
488 485 0.6726376
489 485 0.66926056
490 485 0.663132
491 485 0.673118
492 485 0.6466368
493 485 0.66289836
494 485 0.70285416
495 485 0.691295
496 485 0.6882345
497 485 0.6489049
498 485 0.6612685
499 485 0.70628244
500 485 0.72606236
501 485 0.7547516
502 485 0.7469347
503 485 0.715927
504 485 0.7139413
505 485 0.69744647
506 485 0.71511024
507 485 0.74686944
508 485 0.7149826
509 485 0.70346266
510 485 0.704737
511 485 0.7442619
512 485 0.7383705
513 485 0.74431646
514 485 0.7073355
515 485 0.703627
516 485 0.7172182
517 485 0.73409003
518 485 0.70922345
519 485 0.7000537
520 485 0.69370306
521 485 0.71151483
522 485 0.75562465
523 485 0.7474312
524 485 0.72151595
525 485 0.7108139
526 485 0.6653495
527 485 0.6357356
528 485 0.6910129
529 485 0.68757635
530 485 0.6986412
531 485 0.6588769
532 485 0.6469337
533 485 0.6745099
534 485 0.66480404
535 485 0.6768253
536 485 0.6716413
537 485 0.662579
538 485 0.6718274
539 485 0.66774726
540 485 0.67780244
541 485 0.6594132
542 485 0.6690686

483 486 0.7443249
484 486 0.7407891
485 486 0.74327415
486 486 0.7333186
487 486 0.7342311
488 486 0.7398612
489 486 0.7316793
490 486 0.73500276
491 486 0.74000305
492 486 0.74024916
493 486 0.7502403
494 486 0.7687449
495 486 0.74676526
496 486 0.74145347
497 486 0.7176921
498 486 0.75626826
499 486 0.79797673
500 486 0.78947836
501 486 0.79836804
502 486 0.8161814
503 486 0.81358844
504 486 0.8172745
505 486 0.8248671
506 486 0.8198907
507 486 0.81422514
508 486 0.81247663
509 486 0.81308967
510 486 0.7684487
511 486 0.8009698
512 486 0.79158866
513 486 0.79956895
514 486 0.76975983
515 486 0.80819124
516 486 0.8141837
517 486 0.81100094
518 486 0.79886204
519 486 0.8136151
520 486 0.8000553
521 486 0.8163035
522 486 0.8125747
523 486 0.79550964
524 486 0.7770837
525 486 0.8043533
526 486 0.751464
527 486 0.7131025
528 486 0.7406551
529 486 0.75194126
530 486 0.76829934
531 486 0.75367564
532 486 0.736657
533 486 0.74690276
534 486 0.7389476
535 486 0.7327612
536 486 0.73829436
537 486 0.7381596
538 486 0.7368748
539 486 0.7391476
540 486 0.73911077
541 486 0.7402003
542 486 0.7403356

483 487 0.7326791
484 487 0.7358974
485 487 0.72175246
486 487 0.7396756
487 487 0.73310643
488 487 0.7326821
489 487 0.7183666
490 487 0.72329223
491 487 0.7290716
492 487 0.7281082
493 487 0.73067373
494 487 0.7718201
495 487 0.7333039
496 487 0.74703485
497 487 0.74068743
498 487 0.7165145
499 487 0.73748875
500 487 0.71585554
501 487 0.7236749
502 487 0.7844168
503 487 0.8018475
504 487 0.8185028
505 487 0.79885656
506 487 0.769592
507 487 0.7765841
508 487 0.7537573
509 487 0.77362657
510 487 0.7636624
511 487 0.8141882
512 487 0.8144436
513 487 0.81013066
514 487 0.76608044
515 487 0.77543896
516 487 0.75492835
517 487 0.7649871
518 487 0.7646656
519 487 0.80231017
520 487 0.791742
521 487 0.80285317
522 487 0.788172
523 487 0.71538866
524 487 0.70741653
525 487 0.74581194
526 487 0.71927536
527 487 0.7291488
528 487 0.753186
529 487 0.7410239
530 487 0.76883173
531 487 0.7355456
532 487 0.72546715
533 487 0.73485523
534 487 0.72651035
535 487 0.72230524
536 487 0.7338955
537 487 0.73704135
538 487 0.7279691
539 487 0.72423494
540 487 0.7379455
541 487 0.7338894
542 487 0.73610175

483 488 0.69420636
484 488 0.69808984
485 488 0.70188916
486 488 0.6999245
487 488 0.6965305
488 488 0.6901333
489 488 0.67529047
490 488 0.67807466
491 488 0.70650333
492 488 0.7111193
493 488 0.7028629
494 488 0.73479503
495 488 0.71088433
496 488 0.7308649
497 488 0.6945739
498 488 0.67510885
499 488 0.73243845
500 488 0.7168133
501 488 0.76584774
502 488 0.8345488
503 488 0.8041917
504 488 0.81045777
505 488 0.7853227
506 488 0.78273547
507 488 0.79757
508 488 0.81607133
509 488 0.8444603
510 488 0.80523384
511 488 0.84132606
512 488 0.8330529
513 488 0.8377077
514 488 0.8083712
515 488 0.83752406
516 488 0.82264584
517 488 0.78706735
518 488 0.75699246
519 488 0.77697957
520 488 0.7999957
521 488 0.8069103
522 488 0.8402605
523 488 0.7689689
524 488 0.70821303
525 488 0.7289418
526 488 0.669374
527 488 0.68930054
528 488 0.73402244
529 488 0.7211831
530 488 0.7373024
531 488 0.7011501
532 488 0.70614946
533 488 0.706668
534 488 0.6844328
535 488 0.685956
536 488 0.6907475
537 488 0.697288
538 488 0.6969272
539 488 0.69778436
540 488 0.69593215
541 488 0.69734216
542 488 0.68742263

483 489 0.6800422
484 489 0.6921585
485 489 0.68607384
486 489 0.67349225
487 489 0.663375
488 489 0.654121
489 489 0.65236443
490 489 0.6475387
491 489 0.6728608
492 489 0.6669314
493 489 0.694654
494 489 0.73746294
495 489 0.7095268
496 489 0.7062383
497 489 0.65936625
498 489 0.5987703
499 489 0.6674117
500 489 0.7070059
501 489 0.72166705
502 489 0.7595473
503 489 0.7283309
504 489 0.7590938
505 489 0.7625748
506 489 0.809923
507 489 0.8542937
508 489 0.83685803
509 489 0.83942944
510 489 0.8316432
511 489 0.87632096
512 489 0.8715254
513 489 0.8804209
514 489 0.83405346
515 489 0.84542507
516 489 0.8405928
517 489 0.83831465
518 489 0.8004546
519 489 0.77287894
520 489 0.73123133
521 489 0.7377698
522 489 0.7625546
523 489 0.71270275
524 489 0.69706255
525 489 0.6758878
526 489 0.60530233
527 489 0.6508292
528 489 0.7134665
529 489 0.7134468
530 489 0.7395016
531 489 0.68679667
532 489 0.66430914
533 489 0.6702761
534 489 0.65989935
535 489 0.6521711
536 489 0.6550399
537 489 0.66065925
538 489 0.666887
539 489 0.68310153
540 489 0.6915093
541 489 0.6740343
542 489 0.6770402

483 490 0.69288146
484 490 0.6982495
485 490 0.6955468
486 490 0.69137377
487 490 0.68332
488 490 0.6825252
489 490 0.68318987
490 490 0.6922133
491 490 0.7001475
492 490 0.693772
493 490 0.68908507
494 490 0.7249515
495 490 0.6884082
496 490 0.70526195
497 490 0.63736033
498 490 0.6415639
499 490 0.75632596
500 490 0.7448545
501 490 0.74160343
502 490 0.7730606
503 490 0.7227741
504 490 0.74874794
505 490 0.8085374
506 490 0.8477663
507 490 0.87463677
508 490 0.8798222
509 490 0.8811836
510 490 0.795005
511 490 0.82415986
512 490 0.8270575
513 490 0.82523817
514 490 0.79527795
515 490 0.87454414
516 490 0.88253695
517 490 0.8706154
518 490 0.8277995
519 490 0.7918557
520 490 0.7309351
521 490 0.7351854
522 490 0.7699511
523 490 0.74810576
524 490 0.73117626
525 490 0.7579608
526 490 0.6310779
527 490 0.63521546
528 490 0.70810455
529 490 0.6885063
530 490 0.7227128
531 490 0.68993527
532 490 0.69574606
533 490 0.700157
534 490 0.6981026
535 490 0.6842491
536 490 0.6824594
537 490 0.6839004
538 490 0.6891405
539 490 0.6924764
540 490 0.6981068
541 490 0.69680744
542 490 0.6795207

483 491 0.68890846
484 491 0.68188816
485 491 0.68204105
486 491 0.6784223
487 491 0.6900783
488 491 0.67843175
489 491 0.67090625
490 491 0.67186797
491 491 0.6750991
492 491 0.68082416
493 491 0.6899346
494 491 0.6911472
495 491 0.6796713
496 491 0.68731225
497 491 0.6522588
498 491 0.70490336
499 491 0.77130455
500 491 0.7739418
501 491 0.7748008
502 491 0.7833586
503 491 0.7758471
504 491 0.8262585
505 491 0.8217524
506 491 0.8462174
507 491 0.8387292
508 491 0.7708367
509 491 0.7393392
510 491 0.6933805
511 491 0.75484836
512 491 0.7390202
513 491 0.75483024
514 491 0.7010707
515 491 0.73747444
516 491 0.77394956
517 491 0.81149286
518 491 0.8354868
519 491 0.83108526
520 491 0.7959635
521 491 0.77802473
522 491 0.7950307
523 491 0.7613079
524 491 0.7642564
525 491 0.78236455
526 491 0.70347774
527 491 0.6462353
528 491 0.686183
529 491 0.69165003
530 491 0.6893118
531 491 0.6971819
532 491 0.67939085
533 491 0.6808356
534 491 0.67685634
535 491 0.671861
536 491 0.6783636
537 491 0.6875247
538 491 0.67445916
539 491 0.6855632
540 491 0.68539196
541 491 0.6848668
542 491 0.68632257

483 492 0.79844755
484 492 0.7979284
485 492 0.78970116
486 492 0.7945098
487 492 0.7845733
488 492 0.77729625
489 492 0.76718646
490 492 0.77839214
491 492 0.8118331
492 492 0.84104836
493 492 0.81670415
494 492 0.7848252
495 492 0.7994492
496 492 0.8027539
497 492 0.74790823
498 492 0.8236373
499 492 0.8526137
500 492 0.7589321
501 492 0.8140183
502 492 0.8584547
503 492 0.8534944
504 492 0.8849405
505 492 0.8411023
506 492 0.76752746
507 492 0.7345114
508 492 0.74219924
509 492 0.709839
510 492 0.6617157
511 492 0.6676125
512 492 0.66656625
513 492 0.6703264
514 492 0.66299665
515 492 0.7091645
516 492 0.7486597
517 492 0.7316867
518 492 0.7463133
519 492 0.8210358
520 492 0.8772662
521 492 0.8535886
522 492 0.8625396
523 492 0.8120861
524 492 0.74756503
525 492 0.85037684
526 492 0.8210307
527 492 0.74238354
528 492 0.8030903
529 492 0.80508816
530 492 0.78037775
531 492 0.823299
532 492 0.8391377
533 492 0.81469613
534 492 0.78527576
535 492 0.7686588
536 492 0.7754342
537 492 0.7830001
538 492 0.7946079
539 492 0.79367507
540 492 0.7969857
541 492 0.80859137
542 492 0.8167841

483 493 0.6721579
484 493 0.67226255
485 493 0.6648122
486 493 0.6718559
487 493 0.68197054
488 493 0.68862283
489 493 0.67598855
490 493 0.67748827
491 493 0.69519037
492 493 0.7248139
493 493 0.67808247
494 493 0.6669628
495 493 0.67532134
496 493 0.6755302
497 493 0.68668073
498 493 0.7537254
499 493 0.77028775
500 493 0.7392582
501 493 0.75966185
502 493 0.76415104
503 493 0.77607405
504 493 0.82233405
505 493 0.7694992
506 493 0.76465213
507 493 0.7456198
508 493 0.6302052
509 493 0.58196974
510 493 0.5490669
511 493 0.6117042
512 493 0.6069697
513 493 0.6092232
514 493 0.5512243
515 493 0.5775423
516 493 0.627942
517 493 0.72298235
518 493 0.76153135
519 493 0.7881669
520 493 0.7879185
521 493 0.7793888
522 493 0.77347046
523 493 0.74802125
524 493 0.73257834
525 493 0.7715582
526 493 0.75791556
527 493 0.67037207
528 493 0.6769143
529 493 0.6845545
530 493 0.66642535
531 493 0.681367
532 493 0.727481
533 493 0.6904172
534 493 0.6777787
535 493 0.67712706
536 493 0.6852416
537 493 0.67859
538 493 0.66836184
539 493 0.66949636
540 493 0.67310977
541 493 0.6780004
542 493 0.69598895

483 494 0.5961934
484 494 0.60047513
485 494 0.6108291
486 494 0.61387616
487 494 0.62242925
488 494 0.62467
489 494 0.6217932
490 494 0.6269426
491 494 0.62544173
492 494 0.6096821
493 494 0.58760977
494 494 0.60272884
495 494 0.6094477
496 494 0.6351353
497 494 0.5940062
498 494 0.6517667
499 494 0.7362034
500 494 0.7385633
501 494 0.7223495
502 494 0.72033906
503 494 0.6324095
504 494 0.5972865
505 494 0.57837707
506 494 0.5490956
507 494 0.5036453
508 494 0.58294463
509 494 0.7171113
510 494 0.72249615
511 494 0.8218272
512 494 0.8199753
513 494 0.82185626
514 494 0.7340069
515 494 0.7146452
516 494 0.5946498
517 494 0.5025859
518 494 0.5280623
519 494 0.57372296
520 494 0.5923283
521 494 0.64114255
522 494 0.720992
523 494 0.72843784
524 494 0.72159034
525 494 0.7343288
526 494 0.63595253
527 494 0.59606624
528 494 0.63746876
529 494 0.61787796
530 494 0.6055112
531 494 0.5932644
532 494 0.608697
533 494 0.6296189
534 494 0.63046694
535 494 0.62842745
536 494 0.62165064
537 494 0.6182535
538 494 0.60549396
539 494 0.6100795
540 494 0.60150343
541 494 0.599291
542 494 0.60432816

483 495 0.54815525
484 495 0.5590365
485 495 0.56303585
486 495 0.56736076
487 495 0.56092083
488 495 0.57619303
489 495 0.5824547
490 495 0.5781348
491 495 0.568438
492 495 0.5598158
493 495 0.5439371
494 495 0.57395107
495 495 0.6000291
496 495 0.60497487
497 495 0.5779527
498 495 0.58096683
499 495 0.6652246
500 495 0.637919
501 495 0.5999212
502 495 0.53661895
503 495 0.4762155
504 495 0.5082243
505 495 0.5614937
506 495 0.6161051
507 495 0.71817726
508 495 0.73753786
509 495 0.67402107
510 495 0.6580775
511 495 0.6886876
512 495 0.6812542
513 495 0.6853805
514 495 0.64909965
515 495 0.6734958
516 495 0.7404502
517 495 0.6769027
518 495 0.6000956
519 495 0.56766135
520 495 0.47592694
521 495 0.49009818
522 495 0.53939205
523 495 0.6001787
524 495 0.6256491
525 495 0.6688738
526 495 0.5839536
527 495 0.5682136
528 495 0.60342664
529 495 0.6064291
530 495 0.5727587
531 495 0.5495673
532 495 0.55657804
533 495 0.5649157
534 495 0.58400965
535 495 0.58340347
536 495 0.5747186
537 495 0.5602944
538 495 0.56350964
539 495 0.55747765
540 495 0.5572397
541 495 0.5467784
542 495 0.5396264

483 496 0.36832783
484 496 0.36975783
485 496 0.3499784
486 496 0.34313938
487 496 0.35049003
488 496 0.36489257
489 496 0.31979042
490 496 0.3291916
491 496 0.35567448
492 496 0.39690018
493 496 0.41967282
494 496 0.44912338
495 496 0.34467536
496 496 0.37911642
497 496 0.3467975
498 496 0.29888228
499 496 0.5212881
500 496 0.54761916
501 496 0.4833018
502 496 0.4924659
503 496 0.4536332
504 496 0.5685754
505 496 0.7137925
506 496 0.5467582
507 496 0.50540364
508 496 0.6270403
509 496 0.60330546
510 496 0.5440549
511 496 0.55719787
512 496 0.52652484
513 496 0.55442274
514 496 0.5373516
515 496 0.5901872
516 496 0.63372105
517 496 0.51136154
518 496 0.5075557
519 496 0.69059443
520 496 0.56862694
521 496 0.48837474
522 496 0.49016148
523 496 0.49904478
524 496 0.50785583
525 496 0.50611883
526 496 0.26943454
527 496 0.3532134
528 496 0.3775915
529 496 0.3535176
530 496 0.4506041
531 496 0.42833924
532 496 0.406082
533 496 0.35285705
534 496 0.33150405
535 496 0.32054037
536 496 0.3579479
537 496 0.3542097
538 496 0.3377486
539 496 0.34278074
540 496 0.36883697
541 496 0.35877013
542 496 0.35271966

483 497 0.412336
484 497 0.3996949
485 497 0.39056507
486 497 0.40800315
487 497 0.40347418
488 497 0.38314
489 497 0.37313405
490 497 0.4129355
491 497 0.46217382
492 497 0.4906844
493 497 0.4391836
494 497 0.38304177
495 497 0.39484537
496 497 0.45545635
497 497 0.4388127
498 497 0.36270663
499 497 0.47649673
500 497 0.4452855
501 497 0.38841394
502 497 0.4699217
503 497 0.4995358
504 497 0.63737667
505 497 0.66875136
506 497 0.6311957
507 497 0.61185545
508 497 0.632299
509 497 0.738353
510 497 0.7890027
511 497 0.8398953
512 497 0.8702307
513 497 0.8361559
514 497 0.7898453
515 497 0.7313854
516 497 0.6319239
517 497 0.57040733
518 497 0.63260525
519 497 0.6952052
520 497 0.59278893
521 497 0.50898975
522 497 0.5079993
523 497 0.35744354
524 497 0.4391185
525 497 0.5142123
526 497 0.40156028
527 497 0.42183277
528 497 0.43554524
529 497 0.41928998
530 497 0.3789741
531 497 0.45744213
532 497 0.49374422
533 497 0.46618122
534 497 0.4141218
535 497 0.37426385
536 497 0.38209125
537 497 0.4062281
538 497 0.40457016
539 497 0.39427313
540 497 0.38980705
541 497 0.418331
542 497 0.41112015

483 498 -1.4383957
484 498 -1.4136603
485 498 -1.3971844
486 498 -1.4451464
487 498 -1.4850672
488 498 -1.4731307
489 498 -1.4764903
490 498 -1.4972507
491 498 -1.4755428
492 498 -1.4723691
493 498 -1.3392419
494 498 -1.4073106
495 498 -1.3861798
496 498 -1.4491528
497 498 -1.5926939
498 498 -1.6832321
499 498 -1.8865166
500 498 -1.2691935
501 498 -1.4027402
502 498 -1.5957257
503 498 -1.592243
504 498 -1.5191702
505 498 -1.2698954
506 498 -0.5423992
507 498 0.16475734
508 498 0.5812002
509 498 0.5233852
510 498 0.45379788
511 498 0.50307983
512 498 0.41081688
513 498 0.498632
514 498 0.44790593
515 498 0.5150162
516 498 0.59072196
517 498 0.21663144
518 498 -0.6008213
519 498 -1.1832235
520 498 -1.4827847
521 498 -1.6209034
522 498 -1.58387
523 498 -1.470835
524 498 -1.12343
525 498 -1.7539285
526 498 -1.6173949
527 498 -1.538795
528 498 -1.4814441
529 498 -1.3924913
530 498 -1.4007723
531 498 -1.354812
532 498 -1.4889231
533 498 -1.4669163
534 498 -1.492831
535 498 -1.4726975
536 498 -1.4684373
537 498 -1.4854995
538 498 -1.4451265
539 498 -1.3964921
540 498 -1.4191885
541 498 -1.4448487
542 498 -1.4869345

483 499 -1.5750315
484 499 -1.5987418
485 499 -1.6606153
486 499 -1.7018722
487 499 -1.7331324
488 499 -1.7661964
489 499 -1.793417
490 499 -1.7580553
491 499 -1.6538823
492 499 -1.6104108
493 499 -1.4367534
494 499 -1.549405
495 499 -1.6678171
496 499 -1.8160824
497 499 -1.9354091
498 499 -2.0252204
499 499 -1.9763136
500 499 -1.5419687
501 499 -1.682894
502 499 -1.7619941
503 499 -1.5852779
504 499 -1.4134969
505 499 -0.9264201
506 499 -0.05511395
507 499 0.80263966
508 499 1.0682555
509 499 1.1223898
510 499 1.3532732
511 499 1.4241927
512 499 1.5269216
513 499 1.4168724
514 499 1.3510299
515 499 1.1138539
516 499 1.0530702
517 499 0.68160516
518 499 -0.012005986
519 499 -1.0773681
520 499 -1.3763888
521 499 -1.5611959
522 499 -1.8123254
523 499 -1.596839
524 499 -1.5531989
525 499 -2.0575547
526 499 -2.0684829
527 499 -1.9057349
528 499 -1.7945646
529 499 -1.7024752
530 499 -1.5305427
531 499 -1.44557
532 499 -1.5998852
533 499 -1.6578728
534 499 -1.7573894
535 499 -1.788927
536 499 -1.7578319
537 499 -1.7374562
538 499 -1.7016926
539 499 -1.6673124
540 499 -1.5950009
541 499 -1.5722858
542 499 -1.613549

483 500 -1.7954024
484 500 -1.8062131
485 500 -1.8180608
486 500 -1.8212678
487 500 -1.8258433
488 500 -1.8135022
489 500 -1.8474332
490 500 -1.8446592
491 500 -1.8335137
492 500 -1.7528011
493 500 -1.7478528
494 500 -1.7571676
495 500 -1.8656077
496 500 -1.8043938
497 500 -1.8849586
498 500 -1.9514282
499 500 -1.9317814
500 500 -1.8522891
501 500 -1.8310214
502 500 -1.6683693
503 500 -1.4378756
504 500 -1.1310929
505 500 0.19428778
506 500 1.2673265
507 500 1.315835
508 500 1.9022071
509 500 2.4367054
510 500 2.4215615
511 500 2.2546296
512 500 2.1866593
513 500 2.2474174
514 500 2.4064014
515 500 2.4540296
516 500 1.9452771
517 500 1.4177434
518 500 1.0599059
519 500 0.2208109
520 500 -1.0430796
521 500 -1.4705346
522 500 -1.6591195
523 500 -1.7934207
524 500 -1.9914001
525 500 -1.9379829
526 500 -1.9611411
527 500 -1.9389418
528 500 -1.7983809
529 500 -1.8626984
530 500 -1.7727141
531 500 -1.729162
532 500 -1.7688946
533 500 -1.8234375
534 500 -1.855284
535 500 -1.8367893
536 500 -1.8202785
537 500 -1.814911
538 500 -1.8270677
539 500 -1.8211505
540 500 -1.8106498
541 500 -1.7953048
542 500 -1.7886143

483 501 -1.8700432
484 501 -1.8627186
485 501 -1.8713167
486 501 -1.84644
487 501 -1.85332
488 501 -1.8565373
489 501 -1.8644716
490 501 -1.8545101
491 501 -1.8883533
492 501 -1.8981026
493 501 -1.8700562
494 501 -1.8173045
495 501 -1.880184
496 501 -1.7575413
497 501 -1.9189687
498 501 -1.9476706
499 501 -2.0198295
500 501 -1.8275329
501 501 -1.6356665
502 501 -1.7434345
503 501 -1.1402493
504 501 0.01717104
505 501 1.2328672
506 501 1.8742563
507 501 2.7906227
508 501 2.8762484
509 501 2.749699
510 501 3.027359
511 501 -3.0034964
512 501 -2.9849699
513 501 -2.9911585
514 501 3.0244966
515 501 2.758258
516 501 2.7468433
517 501 2.7122085
518 501 2.1844125
519 501 1.5713814
520 501 -0.1239771
521 501 -1.1358445
522 501 -1.7084291
523 501 -1.6839937
524 501 -1.8583245
525 501 -1.9027677
526 501 -1.9182224
527 501 -1.8838768
528 501 -1.8132409
529 501 -1.8542674
530 501 -1.8446283
531 501 -1.8553648
532 501 -1.927311
533 501 -1.8719513
534 501 -1.8695565
535 501 -1.8519881
536 501 -1.8591146
537 501 -1.8352509
538 501 -1.8551444
539 501 -1.8572019
540 501 -1.8714797
541 501 -1.8626246
542 501 -1.8843246

483 502 -1.8794391
484 502 -1.8457538
485 502 -1.8393811
486 502 -1.8436364
487 502 -1.8717968
488 502 -1.8566531
489 502 -1.8560635
490 502 -1.8342979
491 502 -1.8792089
492 502 -1.9298978
493 502 -1.8768448
494 502 -1.8191646
495 502 -1.7748624
496 502 -1.7478126
497 502 -2.0014172
498 502 -2.082856
499 502 -1.9710497
500 502 -1.4742733
501 502 -1.4681716
502 502 -0.8324285
503 502 0.10095841
504 502 0.91068304
505 502 2.0870469
506 502 2.5671198
507 502 2.685326
508 502 -3.1336908
509 502 -2.8744676
510 502 -3.1337461
511 502 -2.6722887
512 502 -2.6584861
513 502 -2.6742172
514 502 -3.1239617
515 502 -2.9464166
516 502 -3.063472
517 502 2.7219648
518 502 2.3395445
519 502 2.0877817
520 502 1.0336748
521 502 -0.006194074
522 502 -0.6581303
523 502 -1.5359299
524 502 -1.4717546
525 502 -1.8533901
526 502 -2.0143464
527 502 -2.01884
528 502 -1.7713846
529 502 -1.7581488
530 502 -1.8456419
531 502 -1.8665723
532 502 -1.952797
533 502 -1.867869
534 502 -1.8489753
535 502 -1.8404479
536 502 -1.8597598
537 502 -1.8613102
538 502 -1.8478372
539 502 -1.8311908
540 502 -1.8546051
541 502 -1.8759152
542 502 -1.8845882

483 503 -1.8385724
484 503 -1.8106242
485 503 -1.7830489
486 503 -1.8146892
487 503 -1.8108417
488 503 -1.8063132
489 503 -1.7814132
490 503 -1.7957721
491 503 -1.8369588
492 503 -1.9104173
493 503 -1.8511992
494 503 -1.7711216
495 503 -1.7131993
496 503 -1.8044351
497 503 -1.8215253
498 503 -1.9808942
499 503 -1.7390026
500 503 -1.5752429
501 503 -0.76155895
502 503 -0.3488022
503 503 1.320084
504 503 2.3119886
505 503 2.6258488
506 503 3.0655117
507 503 -2.9493043
508 503 -2.967037
509 503 -2.7532303
510 503 -2.918756
511 503 -2.518657
512 503 -2.506083
513 503 -2.506834
514 503 -2.912418
515 503 -2.7386234
516 503 -2.9193265
517 503 -3.054744
518 503 2.860237
519 503 2.6254735
520 503 2.1115835
521 503 1.5751202
522 503 -0.13318186
523 503 -0.87142366
524 503 -1.5539765
525 503 -1.8347031
526 503 -1.9772345
527 503 -1.8991433
528 503 -1.7583385
529 503 -1.7408708
530 503 -1.750415
531 503 -1.88261
532 503 -1.8971884
533 503 -1.8519561
534 503 -1.780225
535 503 -1.7926675
536 503 -1.7913569
537 503 -1.8195938
538 503 -1.8023453
539 503 -1.8041844
540 503 -1.805101
541 503 -1.8572063
542 503 -1.8583825

483 504 -1.7718297
484 504 -1.7527685
485 504 -1.763388
486 504 -1.783382
487 504 -1.7853283
488 504 -1.7878511
489 504 -1.7624534
490 504 -1.7724576
491 504 -1.8020678
492 504 -1.8649822
493 504 -1.7216163
494 504 -1.6820948
495 504 -1.7585155
496 504 -1.8560535
497 504 -1.8961233
498 504 -1.8049029
499 504 -1.5468819
500 504 -0.9900888
501 504 -0.2817241
502 504 1.8182627
503 504 2.2509127
504 504 2.7921867
505 504 -3.0408866
506 504 -2.7825289
507 504 -2.5526812
508 504 -2.610233
509 504 -2.5711517
510 504 -2.401445
511 504 -2.1894264
512 504 -2.2277966
513 504 -2.181874
514 504 -2.3951085
515 504 -2.585067
516 504 -2.5992026
517 504 -2.7606204
518 504 -2.8221397
519 504 -3.0645378
520 504 2.665792
521 504 2.446195
522 504 1.5193514
523 504 -0.23837745
524 504 -0.89397216
525 504 -1.6354402
526 504 -1.8142663
527 504 -1.8613869
528 504 -1.8424622
529 504 -1.7818007
530 504 -1.6702424
531 504 -1.7513436
532 504 -1.8608645
533 504 -1.8192605
534 504 -1.7617332
535 504 -1.7698948
536 504 -1.7752217
537 504 -1.7938119
538 504 -1.7723744
539 504 -1.7677057
540 504 -1.7474912
541 504 -1.7855939
542 504 -1.8000637

483 505 -1.8365127
484 505 -1.822228
485 505 -1.8463305
486 505 -1.8483121
487 505 -1.820776
488 505 -1.8079625
489 505 -1.8292222
490 505 -1.8522823
491 505 -1.8874897
492 505 -1.9199171
493 505 -1.7710677
494 505 -1.780698
495 505 -1.8800569
496 505 -1.9159063
497 505 -1.8280401
498 505 -1.7879245
499 505 -1.3500093
500 505 -0.06303157
501 505 1.6866152
502 505 2.2796865
503 505 2.6623504
504 505 3.1321995
505 505 -2.6585588
506 505 -2.5694818
507 505 -2.4337893
508 505 -2.2815902
509 505 -2.036248
510 505 -1.7629493
511 505 -1.6433299
512 505 -1.5809186
513 505 -1.6447402
514 505 -1.7366998
515 505 -2.0527024
516 505 -2.2245111
517 505 -2.4790666
518 505 -2.59518
519 505 -2.8168025
520 505 -3.1116865
521 505 2.6933513
522 505 2.2939281
523 505 1.6039832
524 505 -0.0023529446
525 505 -1.2735786
526 505 -1.7611002
527 505 -1.813962
528 505 -1.9318358
529 505 -1.8751433
530 505 -1.7935914
531 505 -1.779922
532 505 -1.9376125
533 505 -1.8748574
534 505 -1.8616632
535 505 -1.8117326
536 505 -1.8157723
537 505 -1.8069553
538 505 -1.856417
539 505 -1.843963
540 505 -1.829971
541 505 -1.836757
542 505 -1.8770962

483 506 -1.7163279
484 506 -1.7389601
485 506 -1.7698699
486 506 -1.7515122
487 506 -1.7019477
488 506 -1.7148559
489 506 -1.7441922
490 506 -1.7864431
491 506 -1.7969544
492 506 -1.7953659
493 506 -1.6130176
494 506 -1.7369853
495 506 -1.831001
496 506 -1.7987956
497 506 -1.689384
498 506 -1.5182425
499 506 -0.3386641
500 506 0.9800845
501 506 1.9197344
502 506 2.4812162
503 506 3.0850766
504 506 -2.9111316
505 506 -2.6946433
506 506 -2.4140532
507 506 -2.1611955
508 506 -1.8456489
509 506 -1.7612629
510 506 -1.6138061
511 506 -1.6106955
512 506 -1.5439603
513 506 -1.61121
514 506 -1.6014129
515 506 -1.7539685
516 506 -1.8445977
517 506 -2.0757437
518 506 -2.41533
519 506 -2.6165438
520 506 -2.7996757
521 506 3.0342212
522 506 2.5128925
523 506 1.8785781
524 506 0.85798454
525 506 -0.38100812
526 506 -1.5554683
527 506 -1.6752503
528 506 -1.7935044
529 506 -1.8491431
530 506 -1.7303817
531 506 -1.6349531
532 506 -1.7936084
533 506 -1.8008097
534 506 -1.7688025
535 506 -1.7347412
536 506 -1.701424
537 506 -1.696682
538 506 -1.7504898
539 506 -1.7707677
540 506 -1.7439816
541 506 -1.7282044
542 506 -1.7522601

483 507 -1.7466937
484 507 -1.7788429
485 507 -1.8064188
486 507 -1.7653383
487 507 -1.7210289
488 507 -1.7179152
489 507 -1.7715573
490 507 -1.8220216
491 507 -1.8298795
492 507 -1.76563
493 507 -1.6867468
494 507 -1.7885737
495 507 -1.8460894
496 507 -1.7517515
497 507 -1.6400155
498 507 -1.2815197
499 507 0.39507988
500 507 1.7923077
501 507 2.1991682
502 507 2.7203417
503 507 -2.861359
504 507 -2.532108
505 507 -2.2577198
506 507 -1.9798515
507 507 -1.8220557
508 507 -1.7666839
509 507 -1.6084318
510 507 -1.4264494
511 507 -1.3313825
512 507 -1.3173141
513 507 -1.3296208
514 507 -1.4230931
515 507 -1.5923412
516 507 -1.785466
517 507 -1.8296405
518 507 -1.959303
519 507 -2.2739394
520 507 -2.5258448
521 507 -2.9069576
522 507 2.7051618
523 507 2.2023628
524 507 1.7236726
525 507 0.2911093
526 507 -1.2568076
527 507 -1.6292505
528 507 -1.7623491
529 507 -1.8584692
530 507 -1.7910516
531 507 -1.6986642
532 507 -1.7669559
533 507 -1.833588
534 507 -1.8051624
535 507 -1.7664052
536 507 -1.7030412
537 507 -1.7217366
538 507 -1.7578816
539 507 -1.8072474
540 507 -1.7793082
541 507 -1.7540333
542 507 -1.7605776

483 508 -1.7419312
484 508 -1.7855812
485 508 -1.7964938
486 508 -1.7614117
487 508 -1.7171767
488 508 -1.7451364
489 508 -1.8009021
490 508 -1.8322334
491 508 -1.8100197
492 508 -1.744072
493 508 -1.6890973
494 508 -1.8035679
495 508 -1.8040642
496 508 -1.7221408
497 508 -1.5429397
498 508 -1.0549409
499 508 0.8116289
500 508 2.1765869
501 508 2.4363174
502 508 2.933841
503 508 -2.7532203
504 508 -2.3744397
505 508 -2.0823483
506 508 -1.9002146
507 508 -1.803412
508 508 -1.5050547
509 508 -1.3476185
510 508 -1.2047201
511 508 -1.1746538
512 508 -1.1386975
513 508 -1.1786642
514 508 -1.1896493
515 508 -1.3479129
516 508 -1.4984242
517 508 -1.7741243
518 508 -1.9097514
519 508 -2.1127763
520 508 -2.3494117
521 508 -2.8031056
522 508 2.9636059
523 508 2.4172204
524 508 2.1362379
525 508 0.86629343
526 508 -1.0920098
527 508 -1.5181757
528 508 -1.7321936
529 508 -1.8146195
530 508 -1.8102682
531 508 -1.6996453
532 508 -1.7420973
533 508 -1.8057499
534 508 -1.8280468
535 508 -1.791952
536 508 -1.731954
537 508 -1.7126137
538 508 -1.7550883
539 508 -1.8007753
540 508 -1.7920395
541 508 -1.7495912
542 508 -1.7416661

483 509 -1.7868161
484 509 -1.8197078
485 509 -1.8100014
486 509 -1.7889129
487 509 -1.7869284
488 509 -1.7997688
489 509 -1.8366055
490 509 -1.8853773
491 509 -1.8455803
492 509 -1.756935
493 509 -1.7590336
494 509 -1.8159978
495 509 -1.7621953
496 509 -1.6490611
497 509 -1.5986034
498 509 -0.8443342
499 509 1.4363124
500 509 2.3992882
501 509 2.7170196
502 509 -3.127186
503 509 -2.576617
504 509 -2.2101731
505 509 -1.9523056
506 509 -1.7981179
507 509 -1.5759876
508 509 -1.416232
509 509 -1.2201757
510 509 -1.0698668
511 509 -0.9403099
512 509 -0.9132466
513 509 -0.9380483
514 509 -1.064937
515 509 -1.2115772
516 509 -1.4200728
517 509 -1.5709076
518 509 -1.7981234
519 509 -1.9260349
520 509 -2.2252173
521 509 -2.5832956
522 509 -3.1027186
523 509 2.7005746
524 509 2.3687015
525 509 1.4220917
526 509 -0.84202164
527 509 -1.5951195
528 509 -1.6536748
529 509 -1.7665602
530 509 -1.8263198
531 509 -1.7672074
532 509 -1.7634519
533 509 -1.8479253
534 509 -1.8817652
535 509 -1.833624
536 509 -1.7963568
537 509 -1.7768228
538 509 -1.7883083
539 509 -1.8134044
540 509 -1.8283991
541 509 -1.7933223
542 509 -1.7780939

483 510 -1.6932069
484 510 -1.7354859
485 510 -1.7235866
486 510 -1.7053227
487 510 -1.7014927
488 510 -1.7305176
489 510 -1.7643411
490 510 -1.8049614
491 510 -1.7446371
492 510 -1.6645737
493 510 -1.6676182
494 510 -1.7231885
495 510 -1.6562394
496 510 -1.5727547
497 510 -1.4501545
498 510 -0.48893598
499 510 1.5270845
500 510 2.3746173
501 510 2.841791
502 510 -2.9530532
503 510 -2.4108744
504 510 -2.0677557
505 510 -1.7940369
506 510 -1.6428832
507 510 -1.494846
508 510 -1.2536142
509 510 -1.0545621
510 510 -0.88022816
511 510 -0.8046466
512 510 -0.73624665
513 510 -0.80417395
514 510 -0.86696094
515 510 -1.050359
516 510 -1.2435528
517 510 -1.4822255
518 510 -1.6462909
519 510 -1.8229105
520 510 -2.0488615
521 510 -2.4226534
522 510 -2.9136107
523 510 2.787025
524 510 2.4075387
525 510 1.5212971
526 510 -0.5090368
527 510 -1.4497977
528 510 -1.5672892
529 510 -1.6594034
530 510 -1.7243624
531 510 -1.674218
532 510 -1.6614054
533 510 -1.7484257
534 510 -1.8065342
535 510 -1.7611426
536 510 -1.7278098
537 510 -1.697021
538 510 -1.7044133
539 510 -1.727124
540 510 -1.7441791
541 510 -1.6985981
542 510 -1.6899244

483 511 -1.793402
484 511 -1.8237495
485 511 -1.7874172
486 511 -1.7829965
487 511 -1.7887726
488 511 -1.8118063
489 511 -1.8433326
490 511 -1.8823323
491 511 -1.8130983
492 511 -1.7233614
493 511 -1.77769
494 511 -1.7847716
495 511 -1.7098933
496 511 -1.6081772
497 511 -1.56858
498 511 -0.40313616
499 511 1.6013116
500 511 2.5710824
501 511 3.0360115
502 511 -2.8273733
503 511 -2.3753471
504 511 -1.9956715
505 511 -1.6857706
506 511 -1.5951283
507 511 -1.3962393
508 511 -1.2377805
509 511 -1.0148786
510 511 -0.8372472
511 511 -0.68194383
512 511 -0.6348681
513 511 -0.68058455
514 511 -0.81727046
515 511 -1.0168854
516 511 -1.23101
517 511 -1.3876052
518 511 -1.5858134
519 511 -1.6671175
520 511 -2.0163636
521 511 -2.3590815
522 511 -2.7899754
523 511 2.9926765
524 511 2.602745
525 511 1.5088173
526 511 -0.42427358
527 511 -1.5747592
528 511 -1.5944823
529 511 -1.7046745
530 511 -1.7862258
531 511 -1.7835196
532 511 -1.7195328
533 511 -1.8183464
534 511 -1.8803619
535 511 -1.8429779
536 511 -1.8021709
537 511 -1.77883
538 511 -1.7751151
539 511 -1.7952658
540 511 -1.8272665
541 511 -1.7981279
542 511 -1.7683294

483 512 -1.7365425
484 512 -1.7728267
485 512 -1.7415698
486 512 -1.7222189
487 512 -1.7406272
488 512 -1.7667134
489 512 -1.7925086
490 512 -1.8381052
491 512 -1.7548404
492 512 -1.6734029
493 512 -1.7122092
494 512 -1.7391084
495 512 -1.6160371
496 512 -1.5286227
497 512 -1.486632
498 512 -0.22725345
499 512 1.5507203
500 512 2.4785748
501 512 3.0379198
502 512 -2.7795794
503 512 -2.3004258
504 512 -1.9422542
505 512 -1.6410158
506 512 -1.5520934
507 512 -1.4108714
508 512 -1.1818163
509 512 -0.91968966
510 512 -0.7040196
511 512 -0.561119
512 512 -0.4926796
513 512 -0.5663838
514 512 -0.6875378
515 512 -0.9141849
516 512 -1.1686834
517 512 -1.3994172
518 512 -1.5479882
519 512 -1.6637949
520 512 -1.9325275
521 512 -2.2901335
522 512 -2.7595303
523 512 2.9646435
524 512 2.52006
525 512 1.5247225
526 512 -0.25008878
527 512 -1.5030953
528 512 -1.4979283
529 512 -1.611849
530 512 -1.7427454
531 512 -1.7211069
532 512 -1.6745238
533 512 -1.7538419
534 512 -1.8363947
535 512 -1.7885484
536 512 -1.7616653
537 512 -1.7294474
538 512 -1.7256495
539 512 -1.7455657
540 512 -1.7829337
541 512 -1.7433202
542 512 -1.7118804

483 513 -1.7904565
484 513 -1.8279896
485 513 -1.7884226
486 513 -1.7808318
487 513 -1.781896
488 513 -1.8070387
489 513 -1.8363246
490 513 -1.8761176
491 513 -1.80485
492 513 -1.7099017
493 513 -1.7675797
494 513 -1.79038
495 513 -1.7117825
496 513 -1.603645
497 513 -1.5524315
498 513 -0.38160247
499 513 1.544542
500 513 2.580393
501 513 3.0475214
502 513 -2.8187273
503 513 -2.3735073
504 513 -1.9925162
505 513 -1.6715791
506 513 -1.5878285
507 513 -1.3945068
508 513 -1.2415491
509 513 -1.0075433
510 513 -0.8278661
511 513 -0.6790102
512 513 -0.6338097
513 513 -0.6801518
514 513 -0.80957097
515 513 -1.0084915
516 513 -1.2260723
517 513 -1.3878874
518 513 -1.5807563
519 513 -1.6569692
520 513 -2.0081832
521 513 -2.353253
522 513 -2.7867942
523 513 3.0001159
524 513 2.6183417
525 513 1.4427197
526 513 -0.40528175
527 513 -1.5606737
528 513 -1.5853194
529 513 -1.7090324
530 513 -1.7933178
531 513 -1.7773087
532 513 -1.7120278
533 513 -1.8087333
534 513 -1.8738306
535 513 -1.8322891
536 513 -1.8038881
537 513 -1.7747345
538 513 -1.7814953
539 513 -1.7900811
540 513 -1.8285046
541 513 -1.7880661
542 513 -1.7618352

483 514 -1.703013
484 514 -1.739775
485 514 -1.7225608
486 514 -1.7031269
487 514 -1.7013755
488 514 -1.7384447
489 514 -1.7694086
490 514 -1.8009845
491 514 -1.7425598
492 514 -1.6579864
493 514 -1.6729243
494 514 -1.7327354
495 514 -1.6627467
496 514 -1.5858968
497 514 -1.4521191
498 514 -0.5194872
499 514 1.5735896
500 514 2.3840106
501 514 2.8382661
502 514 -2.9569094
503 514 -2.406104
504 514 -2.0555606
505 514 -1.8056773
506 514 -1.6471331
507 514 -1.4893103
508 514 -1.2507889
509 514 -1.0611266
510 514 -0.88029623
511 514 -0.79089695
512 514 -0.7345536
513 514 -0.7964859
514 514 -0.87118083
515 514 -1.0534601
516 514 -1.2457924
517 514 -1.4793214
518 514 -1.6451942
519 514 -1.8206271
520 514 -2.0335298
521 514 -2.423637
522 514 -2.913377
523 514 2.7747033
524 514 2.4010828
525 514 1.5611833
526 514 -0.5138586
527 514 -1.4541254
528 514 -1.5757622
529 514 -1.66576
530 514 -1.7273569
531 514 -1.6750231
532 514 -1.6540747
533 514 -1.74824
534 514 -1.7975484
535 514 -1.7687889
536 514 -1.724396
537 514 -1.6951118
538 514 -1.6989378
539 514 -1.7287956
540 514 -1.741989
541 514 -1.7044318
542 514 -1.6938729

483 515 -1.7926347
484 515 -1.8226699
485 515 -1.805956
486 515 -1.7896191
487 515 -1.775026
488 515 -1.7925782
489 515 -1.8398954
490 515 -1.8931408
491 515 -1.8503519
492 515 -1.7677104
493 515 -1.749203
494 515 -1.8096976
495 515 -1.7620745
496 515 -1.649766
497 515 -1.6025324
498 515 -0.8470657
499 515 1.44373
500 515 2.391403
501 515 2.7293925
502 515 -3.1233835
503 515 -2.5705166
504 515 -2.2201214
505 515 -1.9355665
506 515 -1.8019027
507 515 -1.5798962
508 515 -1.4163581
509 515 -1.2030046
510 515 -1.0583555
511 515 -0.9372491
512 515 -0.9081928
513 515 -0.93333876
514 515 -1.0459591
515 515 -1.2036331
516 515 -1.4131433
517 515 -1.5734397
518 515 -1.7980152
519 515 -1.927671
520 515 -2.2304747
521 515 -2.577634
522 515 -3.0996847
523 515 2.7123637
524 515 2.344015
525 515 1.4598029
526 515 -0.83761615
527 515 -1.5919831
528 515 -1.6543678
529 515 -1.7694775
530 515 -1.8170921
531 515 -1.7645203
532 515 -1.771513
533 515 -1.8542316
534 515 -1.8858931
535 515 -1.833644
536 515 -1.7847722
537 515 -1.773137
538 515 -1.7843916
539 515 -1.8160809
540 515 -1.827229
541 515 -1.7913157
542 515 -1.776569

483 516 -1.737694
484 516 -1.785501
485 516 -1.7953167
486 516 -1.7627571
487 516 -1.7103248
488 516 -1.73628
489 516 -1.7906371
490 516 -1.8339801
491 516 -1.806755
492 516 -1.7327383
493 516 -1.6822304
494 516 -1.8048073
495 516 -1.7953985
496 516 -1.7346984
497 516 -1.5349143
498 516 -1.0723243
499 516 0.84141856
500 516 2.2015007
501 516 2.4439929
502 516 2.954159
503 516 -2.7675576
504 516 -2.3476822
505 516 -2.1048048
506 516 -1.8899158
507 516 -1.7697036
508 516 -1.4821742
509 516 -1.3576927
510 516 -1.1911008
511 516 -1.1762879
512 516 -1.1391159
513 516 -1.171329
514 516 -1.1883571
515 516 -1.34379
516 516 -1.4897568
517 516 -1.7618866
518 516 -1.8902254
519 516 -2.1208608
520 516 -2.3316438
521 516 -2.8130424
522 516 2.9824834
523 516 2.4359767
524 516 2.1519327
525 516 0.8642708
526 516 -1.088099
527 516 -1.5205613
528 516 -1.738444
529 516 -1.8151493
530 516 -1.8064462
531 516 -1.6901191
532 516 -1.7382445
533 516 -1.8087752
534 516 -1.8224885
535 516 -1.7842964
536 516 -1.728078
537 516 -1.705775
538 516 -1.7581517
539 516 -1.8048227
540 516 -1.7874662
541 516 -1.7409041
542 516 -1.7435511

483 517 -1.7526647
484 517 -1.7839408
485 517 -1.8036895
486 517 -1.7741987
487 517 -1.7231516
488 517 -1.7208339
489 517 -1.7855965
490 517 -1.8351
491 517 -1.8393937
492 517 -1.771044
493 517 -1.6834911
494 517 -1.7776732
495 517 -1.8439066
496 517 -1.7502605
497 517 -1.6578484
498 517 -1.3141974
499 517 0.41883296
500 517 1.7734674
501 517 2.2231932
502 517 2.6956751
503 517 -2.8156471
504 517 -2.5877192
505 517 -2.2553773
506 517 -1.9824507
507 517 -1.851326
508 517 -1.7725157
509 517 -1.5847962
510 517 -1.4378608
511 517 -1.344785
512 517 -1.3204204
513 517 -1.3412011
514 517 -1.4299233
515 517 -1.5720667
516 517 -1.783131
517 517 -1.8217794
518 517 -1.9980932
519 517 -2.2930562
520 517 -2.5366848
521 517 -2.8776915
522 517 2.6867037
523 517 2.2118323
524 517 1.7083164
525 517 0.3057652
526 517 -1.3121423
527 517 -1.6419083
528 517 -1.7562569
529 517 -1.8621057
530 517 -1.7773507
531 517 -1.7033004
532 517 -1.7746849
533 517 -1.8439894
534 517 -1.8234522
535 517 -1.7783207
536 517 -1.7091601
537 517 -1.7238623
538 517 -1.7705636
539 517 -1.807206
540 517 -1.7855502
541 517 -1.7579321
542 517 -1.761009

483 518 -1.7179834
484 518 -1.7414585
485 518 -1.7670529
486 518 -1.7555101
487 518 -1.6923664
488 518 -1.7111511
489 518 -1.7375865
490 518 -1.7827708
491 518 -1.7869673
492 518 -1.7783659
493 518 -1.6067716
494 518 -1.7398586
495 518 -1.827409
496 518 -1.8159451
497 518 -1.6701378
498 518 -1.5259217
499 518 -0.35900176
500 518 0.9544961
501 518 1.8669084
502 518 2.5736961
503 518 3.0091853
504 518 -2.8163798
505 518 -2.616068
506 518 -2.4112484
507 518 -2.0921564
508 518 -1.8289431
509 518 -1.7917993
510 518 -1.5870093
511 518 -1.6199446
512 518 -1.5624775
513 518 -1.6173445
514 518 -1.574305
515 518 -1.7769641
516 518 -1.8240842
517 518 -2.1167018
518 518 -2.4127955
519 518 -2.572353
520 518 -2.809766
521 518 3.0225105
522 518 2.5643184
523 518 1.8722508
524 518 0.77719015
525 518 -0.40537736
526 518 -1.5144079
527 518 -1.6575121
528 518 -1.8125668
529 518 -1.842557
530 518 -1.7359141
531 518 -1.627652
532 518 -1.7775288
533 518 -1.7907184
534 518 -1.7672383
535 518 -1.7308874
536 518 -1.696543
537 518 -1.6959085
538 518 -1.7510867
539 518 -1.7708054
540 518 -1.739718
541 518 -1.7282022
542 518 -1.7446423

483 519 -1.835038
484 519 -1.8134176
485 519 -1.8405321
486 519 -1.8410844
487 519 -1.8120801
488 519 -1.8111693
489 519 -1.8176574
490 519 -1.8434405
491 519 -1.8738328
492 519 -1.9138837
493 519 -1.7666237
494 519 -1.7719207
495 519 -1.8737593
496 519 -1.9005643
497 519 -1.8153456
498 519 -1.7826042
499 519 -1.3814911
500 519 0.03237183
501 519 1.6925242
502 519 2.2365978
503 519 2.6987417
504 519 -3.1054583
505 519 -2.7986429
506 519 -2.560584
507 519 -2.3987553
508 519 -2.1840813
509 519 -2.022922
510 519 -1.8063806
511 519 -1.6688386
512 519 -1.5585184
513 519 -1.653566
514 519 -1.790527
515 519 -2.0247514
516 519 -2.1869352
517 519 -2.3963149
518 519 -2.483875
519 519 -2.8225434
520 519 -3.069328
521 519 2.6625926
522 519 2.286034
523 519 1.5527846
524 519 0.012411266
525 519 -1.3106165
526 519 -1.764953
527 519 -1.8118356
528 519 -1.9078368
529 519 -1.8816631
530 519 -1.7742265
531 519 -1.7766464
532 519 -1.9239041
533 519 -1.8716772
534 519 -1.8307446
535 519 -1.8056293
536 519 -1.8101763
537 519 -1.8047124
538 519 -1.8389076
539 519 -1.8390741
540 519 -1.8188745
541 519 -1.8410397
542 519 -1.871222

483 520 -1.7706031
484 520 -1.7486221
485 520 -1.7592442
486 520 -1.7825187
487 520 -1.7875373
488 520 -1.7861197
489 520 -1.7648293
490 520 -1.7580738
491 520 -1.7932409
492 520 -1.8424064
493 520 -1.7190181
494 520 -1.6791445
495 520 -1.7626677
496 520 -1.8504102
497 520 -1.9132144
498 520 -1.7770464
499 520 -1.542053
500 520 -0.91291374
501 520 -0.35128435
502 520 1.406419
503 520 2.4712155
504 520 2.6685221
505 520 -3.0300744
506 520 -2.8434002
507 520 -2.7772179
508 520 -2.6140156
509 520 -2.531361
510 520 -2.3329818
511 520 -2.2244298
512 520 -2.271531
513 520 -2.2186992
514 520 -2.3077235
515 520 -2.5412507
516 520 -2.5789154
517 520 -2.7409532
518 520 -2.7606754
519 520 -3.0685878
520 520 2.7351213
521 520 2.4620423
522 520 1.3733511
523 520 -0.28323653
524 520 -0.8627673
525 520 -1.5575135
526 520 -1.7970561
527 520 -1.8775297
528 520 -1.8637536
529 520 -1.7634996
530 520 -1.6871235
531 520 -1.7316777
532 520 -1.8535246
533 520 -1.7920038
534 520 -1.7573833
535 520 -1.7583613
536 520 -1.7832541
537 520 -1.7857984
538 520 -1.7807316
539 520 -1.7586479
540 520 -1.7512484
541 520 -1.7710371
542 520 -1.8024945

483 521 -1.8451596
484 521 -1.8014668
485 521 -1.8007752
486 521 -1.8164494
487 521 -1.8263202
488 521 -1.8075645
489 521 -1.7958502
490 521 -1.7732621
491 521 -1.8372856
492 521 -1.8941104
493 521 -1.8678904
494 521 -1.7559354
495 521 -1.7297455
496 521 -1.7829309
497 521 -1.8348039
498 521 -1.9578468
499 521 -1.7945917
500 521 -1.4833084
501 521 -0.80964714
502 521 -0.1875888
503 521 1.2855525
504 521 2.203142
505 521 2.6054485
506 521 2.7933547
507 521 3.0245168
508 521 -3.000992
509 521 -2.8780704
510 521 -2.651337
511 521 -2.5372367
512 521 -2.5069768
513 521 -2.5337896
514 521 -2.666308
515 521 -2.7953463
516 521 -3.0101938
517 521 3.0511637
518 521 2.8492925
519 521 2.6401765
520 521 2.2355
521 521 0.99335635
522 521 -0.0445125
523 521 -0.7907643
524 521 -1.5060681
525 521 -1.8413972
526 521 -1.9739178
527 521 -1.8546542
528 521 -1.767685
529 521 -1.7460389
530 521 -1.7596179
531 521 -1.8824236
532 521 -1.8958349
533 521 -1.845762
534 521 -1.7736428
535 521 -1.7944182
536 521 -1.7959584
537 521 -1.8205096
538 521 -1.8070123
539 521 -1.8011655
540 521 -1.8058218
541 521 -1.8499391
542 521 -1.8574519

483 522 -1.8621095
484 522 -1.8301194
485 522 -1.8198298
486 522 -1.8408157
487 522 -1.8803217
488 522 -1.8722883
489 522 -1.8516423
490 522 -1.830145
491 522 -1.8642117
492 522 -1.924231
493 522 -1.8579359
494 522 -1.8191327
495 522 -1.7682656
496 522 -1.7385674
497 522 -2.01345
498 522 -2.0676057
499 522 -1.9769155
500 522 -1.5056033
501 522 -1.4686568
502 522 -0.79966444
503 522 0.0063599404
504 522 1.149931
505 522 2.1854928
506 522 2.4229605
507 522 2.7627537
508 522 3.0324512
509 522 3.1204336
510 522 -2.967701
511 522 -2.692775
512 522 -2.4954891
513 522 -2.6772165
514 522 -3.0002835
515 522 -3.113773
516 522 3.0714574
517 522 2.7764728
518 522 2.5013907
519 522 2.2467635
520 522 0.96069074
521 522 0.06129833
522 522 -0.7226065
523 522 -1.4901283
524 522 -1.5907812
525 522 -1.9168167
526 522 -2.0808775
527 522 -2.018575
528 522 -1.7532756
529 522 -1.7722884
530 522 -1.8267826
531 522 -1.8524433
532 522 -1.9398167
533 522 -1.8508506
534 522 -1.8417989
535 522 -1.8410324
536 522 -1.8701527
537 522 -1.8660524
538 522 -1.8421324
539 522 -1.8169985
540 522 -1.8388122
541 522 -1.8608779
542 522 -1.8768791

483 523 -1.8495163
484 523 -1.8510518
485 523 -1.8491335
486 523 -1.8464001
487 523 -1.8426696
488 523 -1.8485857
489 523 -1.8567488
490 523 -1.8506474
491 523 -1.8750823
492 523 -1.8902491
493 523 -1.8411185
494 523 -1.8074259
495 523 -1.8604972
496 523 -1.7779264
497 523 -1.8862607
498 523 -1.9761813
499 523 -2.0171087
500 523 -1.86624
501 523 -1.6284437
502 523 -1.7174401
503 523 -1.0623966
504 523 -0.054174934
505 523 0.960104
506 523 2.3800125
507 523 2.651747
508 523 2.7799168
509 523 3.0332613
510 523 -3.0984914
511 523 -3.001374
512 523 -2.8024566
513 523 -3.0091217
514 523 -3.1231625
515 523 3.0267396
516 523 2.7642102
517 523 2.710232
518 523 2.303577
519 523 0.9493672
520 523 0.017620688
521 523 -1.1241838
522 523 -1.670856
523 523 -1.6723481
524 523 -1.8811415
525 523 -1.9638022
526 523 -1.960812
527 523 -1.8681962
528 523 -1.8012208
529 523 -1.8552915
530 523 -1.8132043
531 523 -1.8429705
532 523 -1.8975431
533 523 -1.8667486
534 523 -1.8478941
535 523 -1.848913
536 523 -1.8474163
537 523 -1.8322098
538 523 -1.8458679
539 523 -1.8499976
540 523 -1.8517177
541 523 -1.8489547
542 523 -1.8617697

483 524 -1.753874
484 524 -1.7710992
485 524 -1.7864205
486 524 -1.8043091
487 524 -1.8146036
488 524 -1.8081906
489 524 -1.8391949
490 524 -1.8382107
491 524 -1.7934633
492 524 -1.7027014
493 524 -1.6849517
494 524 -1.7358575
495 524 -1.8356022
496 524 -1.8015275
497 524 -1.922566
498 524 -1.9181489
499 524 -1.9265914
500 524 -1.8266786
501 524 -1.7847625
502 524 -1.6509951
503 524 -1.486725
504 524 -1.2181643
505 524 0.31020957
506 524 0.9212394
507 524 1.3592706
508 524 1.9587097
509 524 2.259294
510 524 2.3522654
511 524 2.37255
512 524 2.1890433
513 524 2.3515217
514 524 2.3746388
515 524 2.2892544
516 524 1.9699249
517 524 1.2903556
518 524 0.9751988
519 524 0.3545375
520 524 -1.1775705
521 524 -1.481563
522 524 -1.6707253
523 524 -1.7517225
524 524 -1.8806945
525 524 -1.9175655
526 524 -1.9194661
527 524 -1.9322851
528 524 -1.8167181
529 524 -1.8355242
530 524 -1.7427549
531 524 -1.6806786
532 524 -1.7132179
533 524 -1.7801569
534 524 -1.8416806
535 524 -1.8263235
536 524 -1.8103595
537 524 -1.8050363
538 524 -1.807962
539 524 -1.7856867
540 524 -1.7760546
541 524 -1.7477582
542 524 -1.7456982

483 525 -1.6944335
484 525 -1.7091514
485 525 -1.7484529
486 525 -1.7880902
487 525 -1.8033226
488 525 -1.830851
489 525 -1.8509569
490 525 -1.8672149
491 525 -1.7944964
492 525 -1.7801764
493 525 -1.5653088
494 525 -1.6408291
495 525 -1.7355908
496 525 -1.8612361
497 525 -1.9302862
498 525 -2.0535078
499 525 -2.027116
500 525 -1.5769286
501 525 -1.8100175
502 525 -1.8528053
503 525 -1.6423507
504 525 -1.4035302
505 525 -1.0628692
506 525 0.08741023
507 525 0.76222926
508 525 1.0950395
509 525 1.1934403
510 525 1.299267
511 525 1.3162097
512 525 1.4528161
513 525 1.3273431
514 525 1.2744595
515 525 1.1908331
516 525 1.0858032
517 525 0.77774215
518 525 0.05676154
519 525 -1.0270764
520 525 -1.3657618
521 525 -1.6565583
522 525 -1.8590255
523 525 -1.7947432
524 525 -1.5569749
525 525 -2.038256
526 525 -2.047498
527 525 -1.9325845
528 525 -1.8505628
529 525 -1.7703475
530 525 -1.6290007
531 525 -1.5730584
532 525 -1.773207
533 525 -1.8021891
534 525 -1.854069
535 525 -1.8497217
536 525 -1.8233424
537 525 -1.8185083
538 525 -1.7871284
539 525 -1.7691679
540 525 -1.7073004
541 525 -1.7132863
542 525 -1.7617195

483 526 -1.3424166
484 526 -1.3358537
485 526 -1.3108482
486 526 -1.3892573
487 526 -1.4024614
488 526 -1.4198333
489 526 -1.4326313
490 526 -1.4530131
491 526 -1.3880246
492 526 -1.3175249
493 526 -1.185762
494 526 -1.3155856
495 526 -1.3565841
496 526 -1.3833891
497 526 -1.5799814
498 526 -1.6720829
499 526 -1.8061905
500 526 -1.2849958
501 526 -1.376026
502 526 -1.476201
503 526 -1.4914104
504 526 -1.4434484
505 526 -1.0520948
506 526 -0.27613884
507 526 0.2037725
508 526 0.43153417
509 526 0.46401262
510 526 0.5721322
511 526 0.6270052
512 526 0.5514521
513 526 0.6210459
514 526 0.57736504
515 526 0.4423373
516 526 0.44357508
517 526 0.17936136
518 526 -0.25732392
519 526 -1.0742277
520 526 -1.4247191
521 526 -1.4761392
522 526 -1.4792608
523 526 -1.3745008
524 526 -1.2450116
525 526 -1.7636104
526 526 -1.6899599
527 526 -1.5404807
528 526 -1.4063145
529 526 -1.3662341
530 526 -1.3102958
531 526 -1.1897751
532 526 -1.3267177
533 526 -1.3957509
534 526 -1.4363761
535 526 -1.4242284
536 526 -1.412754
537 526 -1.4063058
538 526 -1.3773596
539 526 -1.3369747
540 526 -1.3392521
541 526 -1.3469819
542 526 -1.3608006

483 527 0.41802725
484 527 0.40014824
485 527 0.40104732
486 527 0.4188096
487 527 0.4107736
488 527 0.36086214
489 527 0.32870588
490 527 0.40672344
491 527 0.46029383
492 527 0.5018526
493 527 0.46076533
494 527 0.40306872
495 527 0.38584453
496 527 0.45462784
497 527 0.3899828
498 527 0.33910745
499 527 0.46715167
500 527 0.47653154
501 527 0.39889404
502 527 0.4835146
503 527 0.5455363
504 527 0.55387145
505 527 0.6020714
506 527 0.45896235
507 527 0.4783903
508 527 0.66475147
509 527 0.77176464
510 527 0.7790473
511 527 0.7922246
512 527 0.8382503
513 527 0.79366314
514 527 0.7585547
515 527 0.77083343
516 527 0.6720017
517 527 0.49066648
518 527 0.4446097
519 527 0.587383
520 527 0.5696068
521 527 0.5400281
522 527 0.50998646
523 527 0.38715342
524 527 0.4809708
525 527 0.45839357
526 527 0.3177238
527 527 0.3982843
528 527 0.44077525
529 527 0.40216294
530 527 0.38741827
531 527 0.47016317
532 527 0.49833545
533 527 0.4636803
534 527 0.38772976
535 527 0.33465132
536 527 0.3608231
537 527 0.40751377
538 527 0.41710478
539 527 0.39993975
540 527 0.39977455
541 527 0.41451
542 527 0.43307218

483 528 0.37550318
484 528 0.37133175
485 528 0.3599113
486 528 0.363881
487 528 0.36652595
488 528 0.37552625
489 528 0.33891597
490 528 0.33250806
491 528 0.34494182
492 528 0.40429735
493 528 0.4259448
494 528 0.4672158
495 528 0.3672083
496 528 0.40560308
497 528 0.3485464
498 528 0.32641217
499 528 0.5206458
500 528 0.5052461
501 528 0.4807975
502 528 0.47393882
503 528 0.4499826
504 528 0.60620713
505 528 0.67508227
506 528 0.5895962
507 528 0.70582324
508 528 0.6672093
509 528 0.5642425
510 528 0.5496013
511 528 0.5619362
512 528 0.51777756
513 528 0.5628737
514 528 0.5346307
515 528 0.56658995
516 528 0.6706188
517 528 0.68486655
518 528 0.6017071
519 528 0.68975455
520 528 0.5984727
521 528 0.45265818
522 528 0.48403388
523 528 0.49161822
524 528 0.4761863
525 528 0.53109944
526 528 0.31856263
527 528 0.35376298
528 528 0.39836302
529 528 0.37629223
530 528 0.46420607
531 528 0.43016317
532 528 0.40203124
533 528 0.34969985
534 528 0.3323654
535 528 0.34907565
536 528 0.373057
537 528 0.36208895
538 528 0.36242604
539 528 0.3658044
540 528 0.36806118
541 528 0.3700113
542 528 0.35502782

483 529 0.54197794
484 529 0.55462766
485 529 0.55480754
486 529 0.5576276
487 529 0.5618156
488 529 0.5742729
489 529 0.57920843
490 529 0.566341
491 529 0.55118513
492 529 0.5357294
493 529 0.5420183
494 529 0.58063424
495 529 0.58901054
496 529 0.59199864
497 529 0.5764827
498 529 0.57124937
499 529 0.6680579
500 529 0.6415282
501 529 0.60274714
502 529 0.54004484
503 529 0.4927
504 529 0.4902202
505 529 0.54814756
506 529 0.59677315
507 529 0.6967636
508 529 0.7284502
509 529 0.6546431
510 529 0.66203946
511 529 0.6886834
512 529 0.6887073
513 529 0.6890387
514 529 0.6480012
515 529 0.66228753
516 529 0.72541
517 529 0.7026116
518 529 0.6031613
519 529 0.5376827
520 529 0.48726428
521 529 0.5015432
522 529 0.5379328
523 529 0.60625803
524 529 0.6403781
525 529 0.66463846
526 529 0.5705228
527 529 0.56953394
528 529 0.58973384
529 529 0.59283316
530 529 0.57964545
531 529 0.5389819
532 529 0.5350412
533 529 0.54867923
534 529 0.5686427
535 529 0.57672167
536 529 0.57893276
537 529 0.5562389
538 529 0.55853325
539 529 0.5543444
540 529 0.5495505
541 529 0.5459522
542 529 0.537794

483 530 0.6032435
484 530 0.5947646
485 530 0.6042357
486 530 0.60464376
487 530 0.62270284
488 530 0.6182932
489 530 0.617983
490 530 0.6192338
491 530 0.61467826
492 530 0.613781
493 530 0.60056156
494 530 0.6100943
495 530 0.61998504
496 530 0.6363264
497 530 0.5909437
498 530 0.65051633
499 530 0.72103894
500 530 0.7265598
501 530 0.7098538
502 530 0.7039907
503 530 0.6283834
504 530 0.6042022
505 530 0.59865195
506 530 0.52999955
507 530 0.5579368
508 530 0.62264997
509 530 0.6901347
510 530 0.7189505
511 530 0.8052089
512 530 0.79239714
513 530 0.80096674
514 530 0.7248979
515 530 0.67611754
516 530 0.6374955
517 530 0.5439492
518 530 0.53978384
519 530 0.60631967
520 530 0.60815215
521 530 0.62738013
522 530 0.71478766
523 530 0.7141069
524 530 0.71800137
525 530 0.72797734
526 530 0.65004766
527 530 0.58815426
528 530 0.628938
529 530 0.62546533
530 530 0.6056218
531 530 0.6028102
532 530 0.6130566
533 530 0.6185438
534 530 0.61496896
535 530 0.6174637
536 530 0.61695474
537 530 0.6246696
538 530 0.60255253
539 530 0.60269123
540 530 0.59690416
541 530 0.6071902
542 530 0.61045873

483 531 0.67178696
484 531 0.66845554
485 531 0.66606325
486 531 0.6767574
487 531 0.67860883
488 531 0.6788241
489 531 0.6856947
490 531 0.6899718
491 531 0.70763946
492 531 0.73976487
493 531 0.6888391
494 531 0.6744656
495 531 0.6862131
496 531 0.6842177
497 531 0.6883979
498 531 0.74104494
499 531 0.7479566
500 531 0.7141746
501 531 0.7387147
502 531 0.7580557
503 531 0.78025323
504 531 0.8046551
505 531 0.81373966
506 531 0.7742678
507 531 0.66675305
508 531 0.5976951
509 531 0.56409186
510 531 0.54791486
511 531 0.5823199
512 531 0.6070695
513 531 0.5833159
514 531 0.5472004
515 531 0.5648507
516 531 0.59610426
517 531 0.67188156
518 531 0.77106047
519 531 0.801215
520 531 0.79875624
521 531 0.78982687
522 531 0.75678986
523 531 0.7425699
524 531 0.70917606
525 531 0.7448568
526 531 0.7319287
527 531 0.6804723
528 531 0.68296146
529 531 0.6940924
530 531 0.67457163
531 531 0.6919482
532 531 0.7431013
533 531 0.7069004
534 531 0.68657416
535 531 0.6838396
536 531 0.68090975
537 531 0.67082167
538 531 0.6744717
539 531 0.66772294
540 531 0.66582793
541 531 0.677818
542 531 0.6833374

483 532 0.80655015
484 532 0.7968447
485 532 0.7867064
486 532 0.7888615
487 532 0.7927184
488 532 0.78199244
489 532 0.77843696
490 532 0.7765099
491 532 0.7918583
492 532 0.83917123
493 532 0.8326857
494 532 0.79630893
495 532 0.80755717
496 532 0.79360515
497 532 0.74210775
498 532 0.82261527
499 532 0.86075866
500 532 0.7672198
501 532 0.8277501
502 532 0.855426
503 532 0.85921866
504 532 0.89122033
505 532 0.8375554
506 532 0.76607496
507 532 0.76266265
508 532 0.7400298
509 532 0.7060256
510 532 0.7065276
511 532 0.6982984
512 532 0.69876593
513 532 0.69733816
514 532 0.7002975
515 532 0.7117464
516 532 0.7464944
517 532 0.745397
518 532 0.7715767
519 532 0.8436664
520 532 0.87792516
521 532 0.84771776
522 532 0.86671394
523 532 0.8191631
524 532 0.7720811
525 532 0.8622968
526 532 0.83910334
527 532 0.7366421
528 532 0.79101497
529 532 0.8178429
530 532 0.7969057
531 532 0.83598197
532 532 0.8401731
533 532 0.7949043
534 532 0.7739278
535 532 0.77519727
536 532 0.78218526
537 532 0.7925692
538 532 0.7910421
539 532 0.7924504
540 532 0.7934331
541 532 0.8098769
542 532 0.81736577

483 533 0.70004106
484 533 0.7006946
485 533 0.6968817
486 533 0.7047547
487 533 0.69656944
488 533 0.69873923
489 533 0.67653584
490 533 0.67908657
491 533 0.68072844
492 533 0.6942835
493 533 0.70120424
494 533 0.7188947
495 533 0.69728273
496 533 0.69131744
497 533 0.6644914
498 533 0.7119229
499 533 0.79512256
500 533 0.76903665
501 533 0.7823121
502 533 0.79199755
503 533 0.8045922
504 533 0.8204356
505 533 0.8682659
506 533 0.8570333
507 533 0.79422444
508 533 0.7616508
509 533 0.74041647
510 533 0.7046194
511 533 0.7336992
512 533 0.7529045
513 533 0.73217356
514 533 0.70523775
515 533 0.7427604
516 533 0.7647392
517 533 0.800508
518 533 0.857518
519 533 0.8565481
520 533 0.8124171
521 533 0.8041428
522 533 0.7914363
523 533 0.77385724
524 533 0.76589197
525 533 0.7952228
526 533 0.71351206
527 533 0.6622279
528 533 0.69043267
529 533 0.7046588
530 533 0.7183578
531 533 0.70693076
532 533 0.69208485
533 533 0.68103
534 533 0.67468256
535 533 0.6788245
536 533 0.69023097
537 533 0.69750965
538 533 0.70591015
539 533 0.6978124
540 533 0.7017139
541 533 0.69418186
542 533 0.7016718

483 534 0.6898871
484 534 0.6902807
485 534 0.68788564
486 534 0.68257225
487 534 0.6799625
488 534 0.6814173
489 534 0.6758052
490 534 0.67256993
491 534 0.67769974
492 534 0.681446
493 534 0.6883079
494 534 0.72982985
495 534 0.6872387
496 534 0.70885605
497 534 0.64294386
498 534 0.6378188
499 534 0.7374986
500 534 0.73424375
501 534 0.73335654
502 534 0.756559
503 534 0.71016055
504 534 0.7284212
505 534 0.7905104
506 534 0.8179821
507 534 0.8607005
508 534 0.85284287
509 534 0.8556554
510 534 0.8244645
511 534 0.83648634
512 534 0.8495753
513 534 0.8392558
514 534 0.8188973
515 534 0.8545508
516 534 0.8520332
517 534 0.8525564
518 534 0.82774216
519 534 0.798314
520 534 0.72609556
521 534 0.7088989
522 534 0.7516198
523 534 0.7348646
524 534 0.7239572
525 534 0.7422576
526 534 0.6390141
527 534 0.64212364
528 534 0.70596385
529 534 0.6982686
530 534 0.7304169
531 534 0.69094986
532 534 0.6828595
533 534 0.6824627
534 534 0.68006396
535 534 0.6683883
536 534 0.67716134
537 534 0.6825456
538 534 0.684676
539 534 0.6799332
540 534 0.68714094
541 534 0.68930477
542 534 0.6727301

483 535 0.68725884
484 535 0.6992975
485 535 0.6964308
486 535 0.6770131
487 535 0.6849304
488 535 0.68084514
489 535 0.66353065
490 535 0.6670568
491 535 0.676801
492 535 0.67793214
493 535 0.7067987
494 535 0.76354283
495 535 0.72579426
496 535 0.7172731
497 535 0.6807309
498 535 0.61800283
499 535 0.69364524
500 535 0.7114823
501 535 0.731708
502 535 0.7699054
503 535 0.7482742
504 535 0.75436294
505 535 0.8009526
506 535 0.82648426
507 535 0.8302342
508 535 0.8468548
509 535 0.85937744
510 535 0.8665139
511 535 0.894646
512 535 0.9052996
513 535 0.8929833
514 535 0.8644077
515 535 0.860732
516 535 0.8451839
517 535 0.83559537
518 535 0.82805526
519 535 0.8013402
520 535 0.7543418
521 535 0.7590743
522 535 0.76148915
523 535 0.7376811
524 535 0.7052301
525 535 0.697287
526 535 0.6165479
527 535 0.67740005
528 535 0.72254455
529 535 0.73292565
530 535 0.7548578
531 535 0.7013883
532 535 0.6780236
533 535 0.6696974
534 535 0.67019105
535 535 0.6728593
536 535 0.680515
537 535 0.6833892
538 535 0.6789952
539 535 0.6946659
540 535 0.693065
541 535 0.68554497
542 535 0.68948746

483 536 0.7096769
484 536 0.71180594
485 536 0.69578826
486 536 0.7021198
487 536 0.69966704
488 536 0.69380593
489 536 0.69469815
490 536 0.6818932
491 536 0.6999878
492 536 0.6881993
493 536 0.6997014
494 536 0.73834693
495 536 0.720036
496 536 0.71563375
497 536 0.6981567
498 536 0.6835431
499 536 0.746233
500 536 0.7313386
501 536 0.77926
502 536 0.8291174
503 536 0.8079904
504 536 0.8110039
505 536 0.7954355
506 536 0.76931685
507 536 0.7963112
508 536 0.80982745
509 536 0.83270234
510 536 0.8476782
511 536 0.860276
512 536 0.86823547
513 536 0.8588951
514 536 0.8415185
515 536 0.834544
516 536 0.8040026
517 536 0.78566533
518 536 0.7782501
519 536 0.805458
520 536 0.8073115
521 536 0.8010181
522 536 0.8411139
523 536 0.7680676
524 536 0.72478616
525 536 0.7498576
526 536 0.6900661
527 536 0.68977106
528 536 0.7156278
529 536 0.72291386
530 536 0.73700714
531 536 0.6991644
532 536 0.68538606
533 536 0.693879
534 536 0.68486995
535 536 0.70429856
536 536 0.6987713
537 536 0.6930483
538 536 0.69891816
539 536 0.69889575
540 536 0.7018473
541 536 0.70785505
542 536 0.7083117

483 537 0.73323095
484 537 0.7364975
485 537 0.7319668
486 537 0.738669
487 537 0.7464119
488 537 0.7400129
489 537 0.7294138
490 537 0.730341
491 537 0.7357567
492 537 0.72804236
493 537 0.7280647
494 537 0.7706205
495 537 0.7424731
496 537 0.75967544
497 537 0.7428212
498 537 0.7335014
499 537 0.7484212
500 537 0.7305815
501 537 0.7242955
502 537 0.7941764
503 537 0.8236008
504 537 0.8156276
505 537 0.84065324
506 537 0.7877935
507 537 0.7538418
508 537 0.75741345
509 537 0.7816979
510 537 0.7895386
511 537 0.8221303
512 537 0.83594424
513 537 0.82432014
514 537 0.78450334
515 537 0.7795222
516 537 0.75964195
517 537 0.7543977
518 537 0.7905626
519 537 0.8360844
520 537 0.81482553
521 537 0.83042955
522 537 0.79070234
523 537 0.7296934
524 537 0.7246782
525 537 0.7577375
526 537 0.72889256
527 537 0.74294835
528 537 0.76180965
529 537 0.7491755
530 537 0.77059066
531 537 0.7286605
532 537 0.71957433
533 537 0.732031
534 537 0.731691
535 537 0.73339397
536 537 0.7459685
537 537 0.74134743
538 537 0.7406391
539 537 0.72371596
540 537 0.7304217
541 537 0.72458595
542 537 0.7312432

483 538 0.7357457
484 538 0.7345299
485 538 0.7352214
486 538 0.7272062
487 538 0.7309062
488 538 0.7440924
489 538 0.7322375
490 538 0.7336301
491 538 0.7333688
492 538 0.72939956
493 538 0.75411916
494 538 0.77944154
495 538 0.7595499
496 538 0.7480908
497 538 0.7193695
498 538 0.7554225
499 538 0.7911548
500 538 0.7914968
501 538 0.79815036
502 538 0.811628
503 538 0.80640924
504 538 0.8074087
505 538 0.8240628
506 538 0.8094689
507 538 0.8154665
508 538 0.8041253
509 538 0.7938826
510 538 0.802927
511 538 0.80998605
512 538 0.81467575
513 538 0.8094427
514 538 0.798035
515 538 0.7954009
516 538 0.80152303
517 538 0.8054035
518 538 0.81493783
519 538 0.82683194
520 538 0.79706126
521 538 0.79721165
522 538 0.8148354
523 538 0.79099196
524 538 0.78652924
525 538 0.7976359
526 538 0.75789356
527 538 0.7163931
528 538 0.7470626
529 538 0.7605328
530 538 0.7765129
531 538 0.7523615
532 538 0.7283914
533 538 0.7338984
534 538 0.72732276
535 538 0.7371886
536 538 0.73834777
537 538 0.7321551
538 538 0.72232133
539 538 0.7373256
540 538 0.7305511
541 538 0.73212487
542 538 0.73555213

483 539 0.6626395
484 539 0.6580307
485 539 0.65952575
486 539 0.6555891
487 539 0.66050565
488 539 0.6707063
489 539 0.6759769
490 539 0.65900886
491 539 0.6500771
492 539 0.635197
493 539 0.65196836
494 539 0.69405204
495 539 0.6882442
496 539 0.67860556
497 539 0.63831204
498 539 0.64476967
499 539 0.6913493
500 539 0.71207184
501 539 0.7410586
502 539 0.739613
503 539 0.7121244
504 539 0.67933464
505 539 0.71091354
506 539 0.7067685
507 539 0.705829
508 539 0.7015133
509 539 0.6880721
510 539 0.70632786
511 539 0.73117423
512 539 0.7472855
513 539 0.7301129
514 539 0.7047347
515 539 0.6952445
516 539 0.69682384
517 539 0.7100594
518 539 0.70737165
519 539 0.7068576
520 539 0.6820968
521 539 0.7137181
522 539 0.73215824
523 539 0.74674696
524 539 0.71092844
525 539 0.693149
526 539 0.64152825
527 539 0.626457
528 539 0.68392277
529 539 0.69348836
530 539 0.69441056
531 539 0.6512694
532 539 0.63753885
533 539 0.65103215
534 539 0.6619752
535 539 0.67344826
536 539 0.67671335
537 539 0.6597426
538 539 0.66002464
539 539 0.66104686
540 539 0.6611847
541 539 0.66070604
542 539 0.6566791

483 540 0.73155737
484 540 0.73409367
485 540 0.7281137
486 540 0.72528106
487 540 0.73084205
488 540 0.73146397
489 540 0.7370134
490 540 0.7281139
491 540 0.72466576
492 540 0.7059796
493 540 0.72954136
494 540 0.7452371
495 540 0.7540648
496 540 0.7448392
497 540 0.6930885
498 540 0.7411838
499 540 0.7401364
500 540 0.7817535
501 540 0.7931964
502 540 0.78778756
503 540 0.7852303
504 540 0.73834217
505 540 0.7239615
506 540 0.71380246
507 540 0.7150666
508 540 0.7182143
509 540 0.71393913
510 540 0.7208881
511 540 0.74614066
512 540 0.74309367
513 540 0.7460831
514 540 0.7258968
515 540 0.71247196
516 540 0.71502846
517 540 0.71338934
518 540 0.722619
519 540 0.7335109
520 540 0.7331301
521 540 0.77779174
522 540 0.7919263
523 540 0.7909277
524 540 0.7743162
525 540 0.7469369
526 540 0.74351436
527 540 0.69252646
528 540 0.74452555
529 540 0.7557664
530 540 0.7480049
531 540 0.7327291
532 540 0.7022116
533 540 0.72168845
534 540 0.72818375
535 540 0.74235547
536 540 0.72951394
537 540 0.7330488
538 540 0.7243523
539 540 0.7287202
540 540 0.73150545
541 540 0.72425866
542 540 0.7336656

483 541 0.7271403
484 541 0.7300728
485 541 0.7313777
486 541 0.7285076
487 541 0.73777235
488 541 0.73891854
489 541 0.7295823
490 541 0.72362703
491 541 0.7173919
492 541 0.7107768
493 541 0.72974455
494 541 0.755183
495 541 0.7419578
496 541 0.73749065
497 541 0.7017374
498 541 0.7213153
499 541 0.7466366
500 541 0.7947326
501 541 0.82491505
502 541 0.84329766
503 541 0.8550273
504 541 0.8227974
505 541 0.8116589
506 541 0.75851184
507 541 0.7157264
508 541 0.6865433
509 541 0.68723106
510 541 0.6803424
511 541 0.6868277
512 541 0.6975152
513 541 0.69294393
514 541 0.6813758
515 541 0.68259084
516 541 0.68058705
517 541 0.7194262
518 541 0.7671333
519 541 0.8103282
520 541 0.8236581
521 541 0.8576261
522 541 0.84001607
523 541 0.8244846
524 541 0.78454286
525 541 0.74915254
526 541 0.7262636
527 541 0.7047711
528 541 0.74074936
529 541 0.7386675
530 541 0.75691694
531 541 0.7346899
532 541 0.70616674
533 541 0.72177833
534 541 0.726771
535 541 0.72854656
536 541 0.7394923
537 541 0.7381424
538 541 0.72823644
539 541 0.73254573
540 541 0.7304142
541 541 0.73108417
542 541 0.7352559

483 542 0.8016314
484 542 0.79190594
485 542 0.7776723
486 542 0.78232676
487 542 0.78109026
488 542 0.7867728
489 542 0.78029066
490 542 0.77244556
491 542 0.7672265
492 542 0.7701516
493 542 0.79771787
494 542 0.80375886
495 542 0.79794776
496 542 0.7915441
497 542 0.72525567
498 542 0.7744276
499 542 0.7623443
500 542 0.78533435
501 542 0.8225995
502 542 0.8388782
503 542 0.86690515
504 542 0.8618323
505 542 0.847889
506 542 0.79076165
507 542 0.7698161
508 542 0.74171674
509 542 0.72328573
510 542 0.7231066
511 542 0.7200382
512 542 0.7196927
513 542 0.7181426
514 542 0.7222609
515 542 0.7181915
516 542 0.7335864
517 542 0.7617206
518 542 0.80893046
519 542 0.84915215
520 542 0.8635825
521 542 0.8603566
522 542 0.84519094
523 542 0.8189817
524 542 0.7735696
525 542 0.7766005
526 542 0.78099084
527 542 0.7302065
528 542 0.78951615
529 542 0.7968051
530 542 0.8057392
531 542 0.7952191
532 542 0.7681947
533 542 0.77007014
534 542 0.7724561
535 542 0.789442
536 542 0.79062253
537 542 0.78167003
538 542 0.7827846
539 542 0.7833973
540 542 0.78991956
541 542 0.79387915
542 542 0.8018915

